0 0.4560747663551402 0.49801849405548215 0.8934579439252337 0.5178335535006605
1 0.11214953271028037 0.512549537648613 0.16822429906542058 0.1215323645970938
2 0.14018691588785048 0.6142668428005285 0.1869158878504673 0.19815059445178335
4 0.205607476635514 0.2952443857331572 0.1869158878504673 0.08586525759577279
4 0.20186915887850468 0.38375165125495375 0.17196261682242991 0.10171730515191546
3 0.24672897196261684 0.48745046235138706 0.06728971962616823 0.08982826948480846
1 0.35700934579439253 0.48877146631439894 0.08224299065420561 0.11889035667107001
2 0.3850467289719626 0.6294583883751651 0.13457943925233645 0.2285336856010568
3 0.4149532710280374 0.35402906208718626 0.07850467289719626 0.07397622192866579
4 0.5551401869158878 0.3943196829590489 0.23925233644859814 0.11228533685601057
3 0.569158878504673 0.3005284015852048 0.07663551401869159 0.06472919418758256
3 0.6149532710280374 0.47820343461030385 0.04485981308411215 0.0845442536327609
4 0.7859813084112149 0.4471598414795244 0.17009345794392525 0.11756935270805813
3 0.8271028037383178 0.309114927344782 0.102803738317757 0.0845442536327609