0 0.41028037383177574 0.49801849405548215 0.8018691588785047 0.5178335535006605
1 0.09906542056074767 0.512549537648613 0.14205607476635515 0.1215323645970938
2 0.1355140186915888 0.6142668428005285 0.17757009345794394 0.19815059445178335
4 0.21401869158878506 0.2952443857331572 0.20373831775700935 0.08586525759577279
4 0.2485981308411215 0.35799207397622196 0.26542056074766357 0.05019815059445178
3 0.25327102803738316 0.48745046235138706 0.08037383177570094 0.08982826948480846
1 0.3738317757009346 0.48877146631439894 0.11588785046728972 0.11889035667107001
2 0.47943925233644863 0.6281373844121533 0.3233644859813084 0.22589167767503301
3 0.4149532710280374 0.3467635402906209 0.07850467289719626 0.059445178335535004
4 0.5813084112149532 0.3896961690885073 0.29158878504672897 0.10303830911492734
3 0.569158878504673 0.3005284015852048 0.07663551401869159 0.06472919418758256
3 0.6196261682242991 0.47820343461030385 0.05420560747663552 0.0845442536327609
4 0.8261682242990654 0.44121532364597094 0.2504672897196262 0.10568031704095113
3 0.8271028037383178 0.3130779392338177 0.102803738317757 0.09247027741083223