0 0.5 0.47820343461030385 0.9813084112149533 0.47820343461030385
1 0.10186915887850467 0.512549537648613 0.14766355140186915 0.1215323645970938
2 0.14766355140186915 0.5944517833553501 0.20186915887850468 0.15852047556142668
4 0.19439252336448598 0.2952443857331572 0.16448598130841122 0.08586525759577279
4 0.2 0.38375165125495375 0.16822429906542058 0.10171730515191546
3 0.2355140186915888 0.48745046235138706 0.04485981308411215 0.08982826948480846
1 0.3897196261682243 0.48877146631439894 0.14766355140186915 0.11889035667107001
2 0.38224299065420564 0.6294583883751651 0.12897196261682242 0.2285336856010568
3 0.4130841121495327 0.35667107001321 0.07476635514018692 0.07926023778071334
4 0.5813084112149532 0.38110964332893 0.29158878504672897 0.08586525759577279
3 0.5551401869158878 0.30317040951122853 0.048598130841121495 0.07001321003963012
3 0.6476635514018692 0.476221928665786 0.1102803738317757 0.08058124174372523
4 0.8261682242990654 0.42602377807133424 0.2504672897196262 0.07529722589167767
3 0.8028037383177571 0.3190224570673712 0.05420560747663552 0.10435931307793923