0 0.43364485981308415 0.49801849405548215 0.8485981308411216 0.5178335535006605
1 0.08598130841121496 0.512549537648613 0.11588785046728972 0.1215323645970938
2 0.14766355140186915 0.6030383091149274 0.20186915887850468 0.17569352708058125
4 0.22429906542056074 0.2952443857331572 0.22429906542056074 0.08586525759577279
4 0.21401869158878506 0.38375165125495375 0.19626168224299068 0.10171730515191546
3 0.23644859813084113 0.48745046235138706 0.04672897196261683 0.08982826948480846
1 0.4093457943925234 0.48877146631439894 0.1869158878504673 0.11889035667107001
2 0.41028037383177574 0.6294583883751651 0.18504672897196262 0.2285336856010568
3 0.4149532710280374 0.3487450462351387 0.07850467289719626 0.06340819022457067
4 0.5588785046728972 0.3943196829590489 0.24672897196261684 0.11228533685601057
3 0.5457943925233645 0.30317040951122853 0.029906542056074768 0.07001321003963012
3 0.6271028037383178 0.47820343461030385 0.0691588785046729 0.0845442536327609
4 0.8261682242990654 0.4471598414795244 0.2504672897196262 0.11756935270805813
3 0.8130841121495327 0.3190224570673712 0.07476635514018692 0.10435931307793923