0 0.4130841121495327 0.49801849405548215 0.8074766355140187 0.5178335535006605
1 0.09252336448598131 0.512549537648613 0.12897196261682242 0.1215323645970938
2 0.14766355140186915 0.5858652575957728 0.20186915887850468 0.14134742404227213
4 0.20841121495327103 0.2952443857331572 0.1925233644859813 0.08586525759577279
4 0.17850467289719626 0.38375165125495375 0.1252336448598131 0.10171730515191546
3 0.22616822429906544 0.48745046235138706 0.026168224299065422 0.08982826948480846
1 0.3813084112149533 0.48877146631439894 0.13084112149532712 0.11889035667107001
2 0.43831775700934583 0.6294583883751651 0.2411214953271028 0.2285336856010568
3 0.4149532710280374 0.3527080581241744 0.07850467289719626 0.071334214002642
4 0.5672897196261683 0.3943196829590489 0.2635514018691589 0.11228533685601057
3 0.569158878504673 0.28269484808454426 0.07663551401869159 0.02906208718626156
3 0.6289719626168224 0.47820343461030385 0.07289719626168224 0.0845442536327609
4 0.8261682242990654 0.4187582562747688 0.2504672897196262 0.0607661822985469
3 0.805607476635514 0.3190224570673712 0.059813084112149535 0.10435931307793923