0 0.5 0.48414795244385733 0.9813084112149533 0.4900924702774108
1 0.12616822429906543 0.5019815059445178 0.19626168224299068 0.10039630118890357
2 0.14766355140186915 0.5878467635402906 0.20186915887850468 0.1453104359313078
4 0.2327102803738318 0.27873183619550856 0.2411214953271028 0.052840158520475564
4 0.24299065420560748 0.38375165125495375 0.2542056074766355 0.10171730515191546
3 0.25794392523364484 0.4564068692206077 0.0897196261682243 0.02774108322324967
1 0.3897196261682243 0.48877146631439894 0.14766355140186915 0.11889035667107001
2 0.42897196261682247 0.6294583883751651 0.22242990654205608 0.2285336856010568
3 0.4149532710280374 0.3527080581241744 0.07850467289719626 0.071334214002642
4 0.5392523364485982 0.3943196829590489 0.2074766355140187 0.11228533685601057
3 0.5504672897196262 0.30317040951122853 0.03925233644859813 0.07001321003963012
3 0.6261682242990655 0.47820343461030385 0.06728971962616823 0.0845442536327609
4 0.8046728971962617 0.4471598414795244 0.2074766355140187 0.11756935270805813
3 0.8121495327102805 0.3190224570673712 0.07289719626168224 0.10435931307793923