0 0.3233644859813084 0.49801849405548215 0.6280373831775701 0.5178335535006605
1 0.08130841121495327 0.512549537648613 0.10654205607476636 0.1215323645970938
2 0.14766355140186915 0.6010568031704095 0.20186915887850468 0.17173051519154559
4 0.191588785046729 0.2952443857331572 0.15887850467289721 0.08586525759577279
4 0.24766355140186916 0.38375165125495375 0.2635514018691589 0.10171730515191546
3 0.23457943925233646 0.48745046235138706 0.04299065420560748 0.08982826948480846
1 0.4224299065420561 0.48877146631439894 0.2130841121495327 0.11889035667107001
2 0.4177570093457944 0.6294583883751651 0.2 0.2285336856010568
3 0.385981308411215 0.35667107001321 0.020560747663551402 0.07926023778071334
4 0.5813084112149532 0.3896961690885073 0.29158878504672897 0.10303830911492734
3 0.5626168224299065 0.30317040951122853 0.06355140186915888 0.07001321003963012
3 0.6317757009345795 0.47820343461030385 0.07850467289719626 0.0845442536327609
4 0.8261682242990654 0.4154557463672391 0.2504672897196262 0.05416116248348745
3 0.8084112149532711 0.3190224570673712 0.06542056074766356 0.10435931307793923