0 0.40841121495327104 0.49801849405548215 0.7981308411214953 0.5178335535006605
1 0.09719626168224299 0.512549537648613 0.1383177570093458 0.1215323645970938
2 0.14766355140186915 0.5752972258916776 0.20186915887850468 0.1202113606340819
4 0.2327102803738318 0.2899603698811096 0.2411214953271028 0.07529722589167767
4 0.23644859813084113 0.38375165125495375 0.2411214953271028 0.10171730515191546
3 0.25794392523364484 0.47225891677675036 0.0897196261682243 0.059445178335535004
1 0.41682242990654206 0.48877146631439894 0.20186915887850468 0.11889035667107001
2 0.391588785046729 0.6294583883751651 0.14766355140186915 0.2285336856010568
3 0.4149532710280374 0.3520475561426684 0.07850467289719626 0.07001321003963012
4 0.5813084112149532 0.39233817701453105 0.29158878504672897 0.1083223249669749
3 0.5504672897196262 0.30317040951122853 0.03925233644859813 0.07001321003963012
3 0.6476635514018692 0.47225891677675036 0.1102803738317757 0.0726552179656539
4 0.8261682242990654 0.43394980184940557 0.2504672897196262 0.09114927344782034
3 0.8271028037383178 0.28863936591809775 0.102803738317757 0.043593130779392336