0 0.5 0.43989431968295906 0.9813084112149533 0.40158520475561427
1 0.10934579439252337 0.512549537648613 0.16261682242990655 0.1215323645970938
2 0.1355140186915888 0.6142668428005285 0.17757009345794394 0.19815059445178335
4 0.1897196261682243 0.2952443857331572 0.15514018691588785 0.08586525759577279
4 0.22616822429906544 0.38375165125495375 0.2205607476635514 0.10171730515191546
3 0.2560747663551402 0.48745046235138706 0.08598130841121496 0.08982826948480846
1 0.37009345794392523 0.48877146631439894 0.10841121495327104 0.11889035667107001
2 0.4205607476635514 0.6294583883751651 0.205607476635514 0.2285336856010568
3 0.40093457943925237 0.35667107001321 0.05046728971962617 0.07926023778071334
4 0.5710280373831776 0.3943196829590489 0.2710280373831776 0.11228533685601057
3 0.5598130841121496 0.30317040951122853 0.05794392523364486 0.07001321003963012
3 0.6457943925233645 0.47820343461030385 0.10654205607476636 0.0845442536327609
4 0.8028037383177571 0.4471598414795244 0.20373831775700935 0.11756935270805813
3 0.8271028037383178 0.29326287978863935 0.102803738317757 0.052840158520475564