0 0.3598130841121496 0.49801849405548215 0.7009345794392524 0.5178335535006605
1 0.12616822429906543 0.511889035667107 0.19626168224299068 0.1202113606340819
2 0.10560747663551402 0.6142668428005285 0.1177570093457944 0.19815059445178335
4 0.18504672897196262 0.2952443857331572 0.14579439252336449 0.08586525759577279
4 0.22897196261682243 0.38375165125495375 0.22616822429906544 0.10171730515191546
3 0.24299065420560748 0.48745046235138706 0.059813084112149535 0.08982826948480846
1 0.391588785046729 0.48877146631439894 0.15140186915887852 0.11889035667107001
2 0.4261682242990654 0.6294583883751651 0.21682242990654207 0.2285336856010568
3 0.3897196261682243 0.35667107001321 0.028037383177570093 0.07926023778071334
4 0.5308411214953271 0.3943196829590489 0.19065420560747665 0.11228533685601057
3 0.5523364485981309 0.30317040951122853 0.04299065420560748 0.07001321003963012
3 0.6018691588785047 0.47820343461030385 0.01869158878504673 0.0845442536327609
4 0.8261682242990654 0.4332892998678996 0.2504672897196262 0.08982826948480846
3 0.8271028037383178 0.31109643328929987 0.102803738317757 0.08850726552179657