0 0.02897196261682243 0.49207397622192867 0.04672897196261683 0.857331571994716
3 0.1355140186915888 0.17305151915455746 0.1252336448598131 0.20607661822985468
4 0.17289719626168226 0.03302509907529723 0.07289719626168224 0.021136063408190225
3 0.3205607476635514 0.10568031704095113 0.19626168224299068 0.07926023778071334
4 0.28317757009345795 0.0416116248348745 0.09158878504672897 0.03830911492734478
1 0.35700934579439253 0.35997357992073975 0.15700934579439252 0.10700132100396301
2 0.3233644859813084 0.41149273447820345 0.03738317757009346 0.06737120211360634
4 0.4411214953271028 0.06142668428005284 0.12336448598130842 0.06472919418758256
4 0.588785046728972 0.04425363276089828 0.0897196261682243 0.03038309114927345
4 0.685981308411215 0.04821664464993395 0.10467289719626169 0.04095112285336856
4 0.7943925233644861 0.07001321003963012 0.12710280373831775 0.0607661822985469