0 0.2906542056074766 0.49207397622192867 0.5700934579439253 0.857331571994716
3 0.1560747663551402 0.1525759577278732 0.16635514018691588 0.16512549537648613
4 0.17289719626168226 0.03896961690885073 0.07289719626168224 0.03302509907529723
3 0.3205607476635514 0.1155878467635403 0.19626168224299068 0.09907529722589167
4 0.28317757009345795 0.042932628797886396 0.09158878504672897 0.04095112285336856
1 0.34392523364485983 0.35997357992073975 0.13084112149532712 0.10700132100396301
2 0.33925233644859815 0.40686922060766184 0.0691588785046729 0.05812417437252312
4 0.44485981308411215 0.052840158520475564 0.13084112149532712 0.047556142668428
4 0.588785046728972 0.04689564068692206 0.0897196261682243 0.035667107001321
4 0.685981308411215 0.05151915455746367 0.10467289719626169 0.047556142668428
4 0.7934579439252337 0.07001321003963012 0.1252336448598131 0.0607661822985469