0 0.497196261682243 0.36459709379128136 0.983177570093458 0.6023778071334214
3 0.1560747663551402 0.13011889035667107 0.16635514018691588 0.1202113606340819
4 0.17289719626168226 0.046235138705416116 0.07289719626168224 0.047556142668428
3 0.3205607476635514 0.16116248348745046 0.19626168224299068 0.190224570673712
4 0.28317757009345795 0.03896961690885073 0.09158878504672897 0.03302509907529723
1 0.3252336448598131 0.35997357992073975 0.09345794392523366 0.10700132100396301
2 0.3299065420560748 0.41149273447820345 0.05046728971962617 0.06737120211360634
4 0.44485981308411215 0.04821664464993395 0.13084112149532712 0.03830911492734478
4 0.588785046728972 0.05085865257595773 0.0897196261682243 0.043593130779392336
4 0.685981308411215 0.04557463672391017 0.10467289719626169 0.035667107001321
4 0.7962616822429907 0.07001321003963012 0.13084112149532712 0.0607661822985469