0 0.497196261682243 0.3738441215323646 0.983177570093458 0.6208718626155878
3 0.1560747663551402 0.10039630118890357 0.16635514018691588 0.0607661822985469
4 0.17289719626168226 0.03896961690885073 0.07289719626168224 0.03302509907529723
3 0.2794392523364486 0.17965653896961692 0.11401869158878505 0.22721268163804492
4 0.28317757009345795 0.03632760898282695 0.09158878504672897 0.02774108322324967
1 0.3588785046728972 0.35865257595772787 0.16074766355140188 0.10435931307793923
2 0.33271028037383177 0.41149273447820345 0.056074766355140186 0.06737120211360634
4 0.43644859813084114 0.06142668428005284 0.11401869158878505 0.06472919418758256
4 0.580373831775701 0.05812417437252312 0.07289719626168224 0.05812417437252312
4 0.685981308411215 0.053500660501981503 0.10467289719626169 0.05151915455746367
4 0.8018691588785047 0.06472919418758256 0.14205607476635515 0.05019815059445178