0 0.497196261682243 0.4815059445178336 0.983177570093458 0.8361955085865258
3 0.1560747663551402 0.10568031704095113 0.16635514018691588 0.071334214002642
4 0.17289719626168226 0.035667107001321 0.07289719626168224 0.026420079260237782
3 0.28598130841121494 0.17965653896961692 0.12710280373831775 0.22721268163804492
4 0.28317757009345795 0.03302509907529723 0.09158878504672897 0.021136063408190225
1 0.3588785046728972 0.3467635402906209 0.16074766355140188 0.08058124174372523
2 0.3299065420560748 0.41149273447820345 0.05046728971962617 0.06737120211360634
4 0.44485981308411215 0.06142668428005284 0.13084112149532712 0.06472919418758256
4 0.588785046728972 0.037648612945838836 0.0897196261682243 0.017173051519154558
4 0.6822429906542057 0.06605019815059446 0.09719626168224299 0.07661822985468957
4 0.8018691588785047 0.06472919418758256 0.14205607476635515 0.05019815059445178