0 0.497196261682243 0.464332892998679 0.983177570093458 0.8018494055482166
3 0.1560747663551402 0.12681638044914134 0.16635514018691588 0.11360634081902246
4 0.17289719626168226 0.03302509907529723 0.07289719626168224 0.021136063408190225
3 0.3205607476635514 0.14663143989431968 0.19626168224299068 0.16116248348745046
4 0.28317757009345795 0.03632760898282695 0.09158878504672897 0.02774108322324967
1 0.35420560747663554 0.35997357992073975 0.15140186915887852 0.10700132100396301
2 0.33925233644859815 0.40686922060766184 0.0691588785046729 0.05812417437252312
4 0.44485981308411215 0.04557463672391017 0.13084112149532712 0.03302509907529723
4 0.588785046728972 0.04953764861294584 0.0897196261682243 0.04095112285336856
4 0.685981308411215 0.058784676354029064 0.10467289719626169 0.062087186261558784
4 0.8018691588785047 0.0607661822985469 0.14205607476635515 0.04227212681638045