0 0.497196261682243 0.37912813738441214 0.983177570093458 0.631439894319683
3 0.1560747663551402 0.10634081902245707 0.16635514018691588 0.0726552179656539
4 0.17289719626168226 0.036988110964332896 0.07289719626168224 0.02906208718626156
3 0.29626168224299065 0.17965653896961692 0.14766355140186915 0.22721268163804492
4 0.28130841121495326 0.05217965653896962 0.08785046728971962 0.059445178335535004
1 0.3588785046728972 0.3533685601056803 0.16074766355140188 0.09379128137384413
2 0.33925233644859815 0.4095112285336856 0.0691588785046729 0.06340819022457067
4 0.42336448598130844 0.06142668428005284 0.08785046728971962 0.06472919418758256
4 0.588785046728972 0.047556142668428 0.0897196261682243 0.036988110964332896
4 0.685981308411215 0.052840158520475564 0.10467289719626169 0.05019815059445178
4 0.7934579439252337 0.07001321003963012 0.1252336448598131 0.0607661822985469