0 0.497196261682243 0.4854689564068692 0.983177570093458 0.8441215323645971
3 0.1560747663551402 0.1155878467635403 0.16635514018691588 0.09114927344782034
4 0.17289719626168226 0.034346103038309116 0.07289719626168224 0.023778071334214
3 0.3205607476635514 0.15653896961690886 0.19626168224299068 0.1809775429326288
4 0.28317757009345795 0.043593130779392336 0.09158878504672897 0.04227212681638045
1 0.3448598130841122 0.35997357992073975 0.13271028037383178 0.10700132100396301
2 0.31962616822429907 0.41149273447820345 0.029906542056074768 0.06737120211360634
4 0.4224299065420561 0.06142668428005284 0.08598130841121496 0.06472919418758256
4 0.588785046728972 0.04953764861294584 0.0897196261682243 0.04095112285336856
4 0.685981308411215 0.05151915455746367 0.10467289719626169 0.047556142668428
4 0.8018691588785047 0.04821664464993395 0.14205607476635515 0.017173051519154558