0 0.497196261682243 0.2595772787318362 0.983177570093458 0.39233817701453105
3 0.1560747663551402 0.15323645970937913 0.16635514018691588 0.166446499339498
4 0.17289719626168226 0.036988110964332896 0.07289719626168224 0.02906208718626156
3 0.3205607476635514 0.14134742404227213 0.19626168224299068 0.15059445178335534
4 0.2672897196261682 0.05217965653896962 0.059813084112149535 0.059445178335535004
1 0.3579439252336449 0.35997357992073975 0.15887850467289721 0.10700132100396301
2 0.33925233644859815 0.40686922060766184 0.0691588785046729 0.05812417437252312
4 0.44485981308411215 0.05746367239101717 0.13084112149532712 0.05680317040951123
4 0.588785046728972 0.0488771466314399 0.0897196261682243 0.03963011889035667
4 0.685981308411215 0.04491413474240423 0.10467289719626169 0.034346103038309116
4 0.7906542056074767 0.07001321003963012 0.11962616822429907 0.0607661822985469