0 0.497196261682243 0.2509907529722589 0.983177570093458 0.3751651254953765
3 0.1560747663551402 0.14927344782034346 0.16635514018691588 0.15852047556142668
4 0.17289719626168226 0.03963011889035667 0.07289719626168224 0.034346103038309116
3 0.297196261682243 0.17965653896961692 0.14953271028037385 0.22721268163804492
4 0.28317757009345795 0.03896961690885073 0.09158878504672897 0.03302509907529723
1 0.33457943925233646 0.35997357992073975 0.11214953271028037 0.10700132100396301
2 0.33738317757009345 0.41149273447820345 0.06542056074766356 0.06737120211360634
4 0.44485981308411215 0.0548216644649934 0.13084112149532712 0.05151915455746367
4 0.588785046728972 0.04227212681638045 0.0897196261682243 0.026420079260237782
4 0.685981308411215 0.05217965653896962 0.10467289719626169 0.0488771466314399
4 0.8018691588785047 0.06010568031704095 0.14205607476635515 0.04095112285336856