3 0.08598130841121496 0.3533685601056803 0.13084112149532712 0.19154557463672392
0 0.16448598130841122 0.19220607661822986 0.2355140186915888 0.14398943196829592
3 0.21682242990654207 0.38837516512549536 0.22429906542056074 0.2404227212681638
2 0.23084112149532712 0.8474240422721269 0.15140186915887852 0.18361955085865259
4 0.2504672897196262 0.10171730515191546 0.13457943925233645 0.0607661822985469
3 0.33271028037383177 0.4002642007926024 0.24299065420560748 0.261558784676354
2 0.36261682242990656 0.8434610303830912 0.07850467289719626 0.1202113606340819
2 0.4560747663551402 0.8414795244385733 0.0897196261682243 0.09247027741083223
2 0.5214953271028038 0.844782034346103 0.07476635514018692 0.12285336856010567
4 0.6476635514018692 0.09313077939233817 0.16635514018691588 0.07001321003963012
2 0.6205607476635514 0.8368560105680317 0.07850467289719626 0.07793923381770146
2 0.7102803738317758 0.8461030383091149 0.09345794392523366 0.09907529722589167
2 0.7785046728971963 0.8513870541611624 0.07663551401869159 0.11228533685601057
4 0.8252336448598131 0.1010568031704095 0.14766355140186915 0.0964332892998679
3 0.8560747663551402 0.5303830911492734 0.1794392523364486 0.4372523117569353
2 0.8626168224299066 0.8381770145310437 0.05794392523364486 0.07529722589167767