3 0.08598130841121496 0.32694848084544254 0.13084112149532712 0.13870541611624834
0 0.12710280373831775 0.19220607661822986 0.16074766355140188 0.14398943196829592
3 0.21682242990654207 0.45178335535006603 0.22429906542056074 0.36723910171730517
2 0.2130841121495327 0.8474240422721269 0.11588785046728972 0.18361955085865259
4 0.2504672897196262 0.08586525759577279 0.13457943925233645 0.02906208718626156
3 0.33271028037383177 0.42140026420079263 0.24299065420560748 0.3038309114927345
2 0.3616822429906542 0.8434610303830912 0.07663551401869159 0.1202113606340819
2 0.4560747663551402 0.8295904887714664 0.0897196261682243 0.06869220607661823
2 0.5289719626168224 0.8309114927344782 0.0897196261682243 0.095112285336856
4 0.6448598130841122 0.09973579920739763 0.16074766355140188 0.083223249669749
2 0.611214953271028 0.8513870541611624 0.059813084112149535 0.10700132100396301
2 0.7102803738317758 0.8276089828269485 0.09345794392523366 0.062087186261558784
2 0.7813084112149533 0.8461030383091149 0.08224299065420561 0.10171730515191546
4 0.8598130841121495 0.08850726552179657 0.21682242990654207 0.071334214002642
3 0.8588785046728973 0.45508586525759576 0.18504672897196262 0.2866578599735799
2 0.8626168224299066 0.8355350066050198 0.05794392523364486 0.07001321003963012