3 0.08598130841121496 0.36459709379128136 0.13084112149532712 0.21400264200792601
0 0.16635514018691588 0.19220607661822986 0.23925233644859814 0.14398943196829592
3 0.21682242990654207 0.42206076618229854 0.22429906542056074 0.30779392338177014
2 0.23644859813084113 0.8117569352708058 0.16261682242990655 0.11228533685601057
4 0.24392523364485982 0.10766182298546896 0.12149532710280374 0.0726552179656539
3 0.33271028037383177 0.3890356671070013 0.24299065420560748 0.23910171730515192
2 0.3616822429906542 0.8434610303830912 0.07663551401869159 0.1202113606340819
2 0.4560747663551402 0.8315719947159842 0.0897196261682243 0.0726552179656539
2 0.5289719626168224 0.8368560105680317 0.0897196261682243 0.10700132100396301
4 0.6476635514018692 0.08982826948480846 0.16635514018691588 0.06340819022457067
2 0.6205607476635514 0.8461030383091149 0.07850467289719626 0.0964332892998679
2 0.7102803738317758 0.8441215323645971 0.09345794392523366 0.095112285336856
2 0.7813084112149533 0.8249669749009247 0.08224299065420561 0.059445178335535004
4 0.8598130841121495 0.09577278731836196 0.21682242990654207 0.08586525759577279
3 0.8588785046728973 0.45970937912813736 0.18504672897196262 0.29590488771466317
2 0.8626168224299066 0.8256274768824307 0.05794392523364486 0.05019815059445178