3 0.08598130841121496 0.31968295904887717 0.13084112149532712 0.12417437252311757
0 0.12336448598130842 0.19220607661822986 0.15327102803738318 0.14398943196829592
3 0.21682242990654207 0.42932628797886396 0.22429906542056074 0.32232496697490093
2 0.22616822429906544 0.8474240422721269 0.14205607476635515 0.18361955085865259
4 0.2504672897196262 0.0977542932628798 0.13457943925233645 0.052840158520475564
3 0.33271028037383177 0.43593130779392336 0.24299065420560748 0.332892998678996
2 0.36261682242990656 0.8434610303830912 0.07850467289719626 0.1202113606340819
2 0.43644859813084114 0.8513870541611624 0.05046728971962617 0.11228533685601057
2 0.5186915887850467 0.844782034346103 0.0691588785046729 0.12285336856010567
4 0.6476635514018692 0.09180977542932629 0.16635514018691588 0.06737120211360634
2 0.6205607476635514 0.8487450462351387 0.07850467289719626 0.10171730515191546
2 0.7037383177570093 0.8586525759577279 0.08037383177570094 0.12417437252311757
2 0.7785046728971963 0.8513870541611624 0.07663551401869159 0.11228533685601057
4 0.8598130841121495 0.09841479524438573 0.21682242990654207 0.09114927344782034
3 0.8439252336448598 0.5303830911492734 0.15514018691588785 0.4372523117569353
2 0.8626168224299066 0.8302509907529723 0.05794392523364486 0.059445178335535004