3 0.08598130841121496 0.42602377807133424 0.13084112149532712 0.3368560105680317
0 0.2663551401869159 0.19220607661822986 0.4392523364485981 0.14398943196829592
3 0.21682242990654207 0.3890356671070013 0.22429906542056074 0.24174372523117568
2 0.197196261682243 0.8474240422721269 0.08411214953271029 0.18361955085865259
4 0.2504672897196262 0.10171730515191546 0.13457943925233645 0.0607661822985469
3 0.33271028037383177 0.47820343461030385 0.24299065420560748 0.41743725231175693
2 0.3682242990654206 0.8130779392338177 0.0897196261682243 0.059445178335535004
2 0.44672897196261685 0.8513870541611624 0.07102803738317758 0.11228533685601057
2 0.5205607476635514 0.844782034346103 0.07289719626168224 0.12285336856010567
4 0.6336448598130842 0.09973579920739763 0.1383177570093458 0.083223249669749
2 0.6093457943925233 0.8513870541611624 0.056074766355140186 0.10700132100396301
2 0.7102803738317758 0.8560105680317041 0.09345794392523366 0.11889035667107001
2 0.7813084112149533 0.8408190224570674 0.08224299065420561 0.09114927344782034
4 0.8401869158878505 0.1010568031704095 0.17757009345794394 0.0964332892998679
3 0.8588785046728973 0.5158520475561427 0.18504672897196262 0.4081902245706737
2 0.8626168224299066 0.8381770145310437 0.05794392523364486 0.07529722589167767