3 0.08598130841121496 0.3236459709379128 0.13084112149532712 0.13210039630118892
0 0.15233644859813084 0.19220607661822986 0.21121495327102804 0.14398943196829592
3 0.20186915887850468 0.5059445178335535 0.19439252336448598 0.47556142668428003
2 0.23644859813084113 0.8137384412153237 0.16261682242990655 0.11624834874504623
4 0.2504672897196262 0.09445178335535007 0.13457943925233645 0.046235138705416116
3 0.30934579439252335 0.5270805812417437 0.19626168224299068 0.5151915455746368
2 0.3682242990654206 0.8150594451783355 0.0897196261682243 0.06340819022457067
2 0.4560747663551402 0.8348745046235139 0.0897196261682243 0.07926023778071334
2 0.5289719626168224 0.8163804491413474 0.0897196261682243 0.06605019815059446
4 0.6457943925233645 0.09973579920739763 0.16261682242990655 0.083223249669749
2 0.6205607476635514 0.834214002642008 0.07850467289719626 0.0726552179656539
2 0.7102803738317758 0.857331571994716 0.09345794392523366 0.1215323645970938
2 0.7813084112149533 0.8368560105680317 0.08224299065420561 0.083223249669749
4 0.8336448598130841 0.1010568031704095 0.16448598130841122 0.0964332892998679
3 0.8588785046728973 0.37912813738441214 0.18504672897196262 0.13474240422721268
2 0.8626168224299066 0.834214002642008 0.05794392523364486 0.06737120211360634