3 0.08598130841121496 0.2813738441215324 0.13084112149532712 0.047556142668428
0 0.11682242990654206 0.19220607661822986 0.14018691588785048 0.14398943196829592
3 0.21682242990654207 0.39696169088507266 0.22429906542056074 0.2575957727873184
2 0.21869158878504674 0.8474240422721269 0.12710280373831775 0.18361955085865259
4 0.2504672897196262 0.0977542932628798 0.13457943925233645 0.052840158520475564
3 0.33271028037383177 0.3751651254953765 0.24299065420560748 0.21136063408190225
2 0.3682242990654206 0.8355350066050198 0.0897196261682243 0.10435931307793923
2 0.4560747663551402 0.8428005284015853 0.0897196261682243 0.095112285336856
2 0.5121495327102804 0.844782034346103 0.056074766355140186 0.12285336856010567
4 0.6476635514018692 0.09709379128137384 0.16635514018691588 0.07793923381770146
2 0.6205607476635514 0.8348745046235139 0.07850467289719626 0.07397622192866579
2 0.6981308411214954 0.8586525759577279 0.0691588785046729 0.12417437252311757
2 0.7813084112149533 0.8368560105680317 0.08224299065420561 0.083223249669749
4 0.8289719626168225 0.1010568031704095 0.15514018691588785 0.0964332892998679
3 0.8588785046728973 0.3949801849405548 0.18504672897196262 0.166446499339498
2 0.8626168224299066 0.8381770145310437 0.05794392523364486 0.07529722589167767