3 0.08598130841121496 0.5217965653896962 0.13084112149532712 0.5284015852047557
0 0.13644859813084112 0.19220607661822986 0.1794392523364486 0.14398943196829592
3 0.21682242990654207 0.4346103038309115 0.22429906542056074 0.332892998678996
2 0.22897196261682243 0.8474240422721269 0.14766355140186915 0.18361955085865259
4 0.2504672897196262 0.10568031704095113 0.13457943925233645 0.06869220607661823
3 0.33271028037383177 0.3910171730515192 0.24299065420560748 0.2430647291941876
2 0.3682242990654206 0.8388375165125496 0.0897196261682243 0.11096433289299867
2 0.4429906542056075 0.8513870541611624 0.06355140186915888 0.11228533685601057
2 0.5289719626168224 0.8143989431968296 0.0897196261682243 0.062087186261558784
4 0.6476635514018692 0.08256274768824307 0.16635514018691588 0.0488771466314399
2 0.6205607476635514 0.8394980184940555 0.07850467289719626 0.083223249669749
2 0.691588785046729 0.8586525759577279 0.056074766355140186 0.12417437252311757
2 0.7813084112149533 0.8236459709379128 0.08224299065420561 0.05680317040951123
4 0.8598130841121495 0.08520475561426684 0.21682242990654207 0.06472919418758256
3 0.8588785046728973 0.3428005284015852 0.18504672897196262 0.062087186261558784
2 0.8626168224299066 0.8434610303830912 0.05794392523364486 0.08586525759577279