3 0.08598130841121496 0.33553500660501984 0.13084112149532712 0.15587846763540292
0 0.1383177570093458 0.19220607661822986 0.18317757009345795 0.14398943196829592
3 0.21682242990654207 0.39365918097754293 0.22429906542056074 0.2509907529722589
2 0.2327102803738318 0.8474240422721269 0.15514018691588785 0.18361955085865259
4 0.2504672897196262 0.09379128137384413 0.13457943925233645 0.04491413474240423
3 0.33271028037383177 0.3771466314398943 0.24299065420560748 0.21532364597093792
2 0.3560747663551402 0.8434610303830912 0.06542056074766356 0.1202113606340819
2 0.4560747663551402 0.8282694848084544 0.0897196261682243 0.06605019815059446
2 0.5289719626168224 0.8375165125495376 0.0897196261682243 0.1083223249669749
4 0.6476635514018692 0.09114927344782034 0.16635514018691588 0.06605019815059446
2 0.6158878504672898 0.8513870541611624 0.0691588785046729 0.10700132100396301
2 0.7102803738317758 0.832892998678996 0.09345794392523366 0.0726552179656539
2 0.7813084112149533 0.8408190224570674 0.08224299065420561 0.09114927344782034
4 0.8598130841121495 0.0904887714663144 0.21682242990654207 0.07529722589167767
3 0.8588785046728973 0.35535006605019814 0.18504672897196262 0.08718626155878467
2 0.8579439252336449 0.8434610303830912 0.048598130841121495 0.08586525759577279