3 0.08598130841121496 0.4035667107001321 0.13084112149532712 0.2919418758256275
0 0.15887850467289721 0.19220607661822986 0.22429906542056074 0.14398943196829592
3 0.21682242990654207 0.42668428005284015 0.22429906542056074 0.31704095112285335
2 0.23644859813084113 0.8137384412153237 0.16261682242990655 0.11624834874504623
4 0.2504672897196262 0.0977542932628798 0.13457943925233645 0.052840158520475564
3 0.33271028037383177 0.33157199471598414 0.24299065420560748 0.12417437252311757
2 0.36448598130841126 0.8434610303830912 0.08224299065420561 0.1202113606340819
2 0.4560747663551402 0.8421400264200792 0.0897196261682243 0.09379128137384413
2 0.5289719626168224 0.8229854689564069 0.0897196261682243 0.07926023778071334
4 0.6476635514018692 0.09114927344782034 0.16635514018691588 0.06605019815059446
2 0.611214953271028 0.8513870541611624 0.059813084112149535 0.10700132100396301
2 0.7102803738317758 0.857331571994716 0.09345794392523366 0.1215323645970938
2 0.7813084112149533 0.8408190224570674 0.08224299065420561 0.09114927344782034
4 0.8411214953271028 0.1010568031704095 0.1794392523364486 0.0964332892998679
3 0.8588785046728973 0.3480845442536328 0.18504672897196262 0.0726552179656539
2 0.8570093457943926 0.8434610303830912 0.04672897196261683 0.08586525759577279