0 0.4766355140186916 0.24966974900924702 0.9383177570093458 0.43064729194187584
2 0.11495327102803739 0.18031704095112286 0.09906542056074767 0.07001321003963012
4 0.19532710280373833 0.04953764861294584 0.1252336448598131 0.0964332892998679
2 0.2644859813084112 0.9583883751651255 0.04299065420560748 0.0726552179656539
1 0.35233644859813085 0.9114927344782034 0.17009345794392525 0.10303830911492734
2 0.3766355140186916 0.09907529722589167 0.05420560747663552 0.04227212681638045
2 0.4074766355140187 0.9583883751651255 0.059813084112149535 0.0726552179656539
4 0.525233644859813 0.034346103038309116 0.24672897196261684 0.05812417437252312
3 0.5990654205607477 0.35468956406869223 0.08037383177570094 0.07001321003963012
3 0.6953271028037383 0.8513870541611624 0.2205607476635514 0.25495376486129456
2 0.6392523364485981 0.928665785997358 0.06728971962616823 0.052840158520475564
1 0.6831775700934579 0.9002642007926024 0.13271028037383178 0.10700132100396301
3 0.7467289719626169 0.3513870541611625 0.09532710280373832 0.13210039630118892
4 0.8280373831775701 0.04821664464993395 0.22429906542056074 0.083223249669749
2 0.7439252336448599 0.5871862615587847 0.03738317757009346 0.06472919418758256