0 0.4766355140186916 0.28731836195508587 0.9383177570093458 0.5059445178335535
2 0.11495327102803739 0.1988110964332893 0.09906542056074767 0.10700132100396301
4 0.21495327102803738 0.04953764861294584 0.16448598130841122 0.0964332892998679
2 0.27476635514018694 0.9583883751651255 0.06355140186915888 0.0726552179656539
1 0.31121495327102805 0.9114927344782034 0.08785046728971962 0.10303830911492734
2 0.3766355140186916 0.10435931307793923 0.05420560747663552 0.052840158520475564
2 0.4130841121495327 0.9498018494055482 0.07102803738317758 0.05548216644649934
4 0.525233644859813 0.04095112285336856 0.24672897196261684 0.071334214002642
3 0.5990654205607477 0.34346103038309117 0.08037383177570094 0.047556142668428
3 0.6289719626168224 0.8606340819022457 0.08785046728971962 0.27344782034346105
2 0.6355140186915889 0.9498018494055482 0.059813084112149535 0.095112285336856
1 0.6869158878504673 0.9002642007926024 0.14018691588785048 0.10700132100396301
3 0.7467289719626169 0.3560105680317041 0.09532710280373832 0.14134742404227213
4 0.8280373831775701 0.05217965653896962 0.22429906542056074 0.09114927344782034
2 0.7560747663551403 0.5752972258916776 0.06168224299065421 0.04095112285336856