0 0.4766355140186916 0.4867899603698811 0.9383177570093458 0.904887714663144
2 0.10560747663551402 0.21400264200792601 0.08037383177570094 0.13738441215323646
4 0.21401869158878506 0.04953764861294584 0.16261682242990655 0.0964332892998679
2 0.2626168224299065 0.9583883751651255 0.03925233644859813 0.0726552179656539
1 0.33457943925233646 0.9114927344782034 0.13457943925233645 0.10303830911492734
2 0.3766355140186916 0.09709379128137384 0.05420560747663552 0.03830911492734478
2 0.3990654205607477 0.9583883751651255 0.04299065420560748 0.0726552179656539
4 0.48598130841121495 0.04491413474240423 0.16822429906542058 0.07926023778071334
3 0.591588785046729 0.38110964332893 0.06542056074766356 0.12285336856010567
3 0.6953271028037383 0.8375165125495376 0.2205607476635514 0.22721268163804492
2 0.6364485981308412 0.9498018494055482 0.06168224299065421 0.095112285336856
1 0.6822429906542057 0.9002642007926024 0.13084112149532712 0.10700132100396301
3 0.7467289719626169 0.3500660501981506 0.09532710280373832 0.12945838837516513
4 0.8280373831775701 0.0416116248348745 0.22429906542056074 0.07001321003963012
2 0.7560747663551403 0.5785997357992074 0.06168224299065421 0.047556142668428