0 0.4766355140186916 0.2747688243064729 0.9383177570093458 0.4808454425363276
2 0.09345794392523366 0.21400264200792601 0.056074766355140186 0.13738441215323646
4 0.2485981308411215 0.04689564068692206 0.23177570093457944 0.09114927344782034
2 0.2775700934579439 0.9583883751651255 0.0691588785046729 0.0726552179656539
1 0.36074766355140186 0.9114927344782034 0.1869158878504673 0.10303830911492734
2 0.37570093457943926 0.12483487450462351 0.052336448598130844 0.09379128137384413
2 0.3990654205607477 0.9583883751651255 0.04299065420560748 0.0726552179656539
4 0.4953271028037383 0.04491413474240423 0.1869158878504673 0.07926023778071334
3 0.5962616822429907 0.38110964332893 0.07476635514018692 0.12285336856010567
3 0.6785046728971963 0.8606340819022457 0.1869158878504673 0.27344782034346105
2 0.6252336448598131 0.9498018494055482 0.03925233644859813 0.095112285336856
1 0.6747663551401869 0.9002642007926024 0.11588785046728972 0.10700132100396301
3 0.7467289719626169 0.357331571994716 0.09532710280373832 0.14398943196829592
4 0.8037383177570093 0.06142668428005284 0.17570093457943925 0.1096433289299868
2 0.7551401869158879 0.5871862615587847 0.059813084112149535 0.06472919418758256