0 0.4766355140186916 0.3619550858652576 0.9383177570093458 0.655217965653897
2 0.11495327102803739 0.17965653896961692 0.09906542056074767 0.06869220607661823
4 0.2485981308411215 0.02443857331571995 0.23177570093457944 0.046235138705416116
2 0.2775700934579439 0.9583883751651255 0.0691588785046729 0.0726552179656539
1 0.36261682242990656 0.9114927344782034 0.19065420560747665 0.10303830911492734
2 0.3766355140186916 0.09577278731836196 0.05420560747663552 0.035667107001321
2 0.4 0.9583883751651255 0.04485981308411215 0.0726552179656539
4 0.4785046728971963 0.04491413474240423 0.15327102803738318 0.07926023778071334
3 0.5990654205607477 0.3513870541611625 0.08037383177570094 0.06340819022457067
3 0.6953271028037383 0.7787318361955086 0.2205607476635514 0.1096433289299868
2 0.6392523364485981 0.9260237780713342 0.06728971962616823 0.047556142668428
1 0.6738317757009346 0.9002642007926024 0.11401869158878505 0.10700132100396301
3 0.7401869158878505 0.3606340819022457 0.08224299065420561 0.15059445178335534
4 0.8280373831775701 0.03632760898282695 0.22429906542056074 0.059445178335535004
2 0.7495327102803738 0.5871862615587847 0.048598130841121495 0.06472919418758256