0 0.3813084112149533 0.512549537648613 0.7476635514018692 0.9564068692206077
2 0.11495327102803739 0.18758256274768825 0.09906542056074767 0.0845442536327609
4 0.2485981308411215 0.04491413474240423 0.23177570093457944 0.08718626155878467
2 0.2710280373831776 0.9583883751651255 0.056074766355140186 0.0726552179656539
1 0.3401869158878505 0.9114927344782034 0.14579439252336449 0.10303830911492734
2 0.3766355140186916 0.1202113606340819 0.05420560747663552 0.0845442536327609
2 0.40093457943925237 0.9583883751651255 0.04672897196261683 0.0726552179656539
4 0.48504672897196266 0.04491413474240423 0.16635514018691588 0.07926023778071334
3 0.5990654205607477 0.3606340819022457 0.08037383177570094 0.08190224570673713
3 0.6953271028037383 0.8130779392338177 0.2205607476635514 0.178335535006605
2 0.6373831775700934 0.9498018494055482 0.06355140186915888 0.095112285336856
1 0.7009345794392524 0.8896961690885072 0.16822429906542058 0.08586525759577279
3 0.7467289719626169 0.35468956406869223 0.09532710280373832 0.13870541611624834
4 0.8280373831775701 0.028401585204755615 0.22429906542056074 0.043593130779392336
2 0.7560747663551403 0.5871862615587847 0.06168224299065421 0.06472919418758256