0 0.4766355140186916 0.37780713342140027 0.9383177570093458 0.6869220607661823
2 0.11495327102803739 0.19616908850726553 0.09906542056074767 0.10171730515191546
4 0.2485981308411215 0.029722589167767502 0.23177570093457944 0.05680317040951123
2 0.2794392523364486 0.9583883751651255 0.07289719626168224 0.0726552179656539
1 0.31775700934579443 0.9114927344782034 0.10093457943925234 0.10303830911492734
2 0.3766355140186916 0.10171730515191546 0.05420560747663552 0.047556142668428
2 0.4046728971962617 0.9583883751651255 0.05420560747663552 0.0726552179656539
4 0.5065420560747663 0.04491413474240423 0.20934579439252338 0.07926023778071334
3 0.5990654205607477 0.3394980184940555 0.08037383177570094 0.03963011889035667
3 0.6691588785046729 0.8606340819022457 0.16822429906542058 0.27344782034346105
2 0.6252336448598131 0.9498018494055482 0.03925233644859813 0.095112285336856
1 0.6869158878504673 0.9002642007926024 0.14018691588785048 0.10700132100396301
3 0.7205607476635514 0.3606340819022457 0.04299065420560748 0.15059445178335534
4 0.8280373831775701 0.0607661822985469 0.22429906542056074 0.1083223249669749
2 0.7560747663551403 0.5871862615587847 0.06168224299065421 0.06472919418758256