0 0.4766355140186916 0.19947159841479525 0.9383177570093458 0.33025099075297226
2 0.10560747663551402 0.21400264200792601 0.08037383177570094 0.13738441215323646
4 0.2485981308411215 0.04689564068692206 0.23177570093457944 0.09114927344782034
2 0.27009345794392525 0.9583883751651255 0.05420560747663552 0.0726552179656539
1 0.3635514018691589 0.9068692206076618 0.1925233644859813 0.09379128137384413
2 0.3766355140186916 0.1083223249669749 0.05420560747663552 0.0607661822985469
2 0.4130841121495327 0.9471598414795245 0.07102803738317758 0.05019815059445178
4 0.5158878504672897 0.04491413474240423 0.2280373831775701 0.07926023778071334
3 0.5990654205607477 0.3421400264200793 0.08037383177570094 0.04491413474240423
3 0.6953271028037383 0.7919418758256275 0.2205607476635514 0.13606340819022458
2 0.6345794392523365 0.9498018494055482 0.05794392523364486 0.095112285336856
1 0.6831775700934579 0.9002642007926024 0.13271028037383178 0.10700132100396301
3 0.7467289719626169 0.32694848084544254 0.09532710280373832 0.083223249669749
4 0.8280373831775701 0.059445178335535004 0.22429906542056074 0.10568031704095113
2 0.7560747663551403 0.5812417437252312 0.06168224299065421 0.052840158520475564