0 0.4766355140186916 0.261558784676354 0.9383177570093458 0.45442536327608984
2 0.11495327102803739 0.20343461030383092 0.09906542056074767 0.11624834874504623
4 0.23457943925233646 0.04953764861294584 0.20373831775700935 0.0964332892998679
2 0.2794392523364486 0.9583883751651255 0.07289719626168224 0.0726552179656539
1 0.32897196261682243 0.9114927344782034 0.12336448598130842 0.10303830911492734
2 0.37570093457943926 0.12483487450462351 0.052336448598130844 0.09379128137384413
2 0.4093457943925234 0.9583883751651255 0.06355140186915888 0.0726552179656539
4 0.47476635514018695 0.04491413474240423 0.14579439252336449 0.07926023778071334
3 0.5766355140186916 0.38110964332893 0.03551401869158879 0.12285336856010567
3 0.6953271028037383 0.8513870541611624 0.2205607476635514 0.25495376486129456
2 0.6392523364485981 0.9306472919418758 0.06728971962616823 0.05680317040951123
1 0.6962616822429907 0.9002642007926024 0.15887850467289721 0.10700132100396301
3 0.7317757009345794 0.3606340819022457 0.06542056074766356 0.15059445178335534
4 0.8280373831775701 0.046235138705416116 0.22429906542056074 0.07926023778071334
2 0.7495327102803738 0.5871862615587847 0.048598130841121495 0.06472919418758256