0 0.4766355140186916 0.26420079260237783 0.9383177570093458 0.45970937912813736
2 0.11495327102803739 0.19947159841479525 0.09906542056074767 0.1083223249669749
4 0.2485981308411215 0.040290620871862616 0.23177570093457944 0.07793923381770146
2 0.2644859813084112 0.9583883751651255 0.04299065420560748 0.0726552179656539
1 0.3271028037383178 0.9114927344782034 0.11962616822429907 0.10303830911492734
2 0.3766355140186916 0.1010568031704095 0.05420560747663552 0.046235138705416116
2 0.402803738317757 0.9583883751651255 0.05046728971962617 0.0726552179656539
4 0.525233644859813 0.02774108322324967 0.24672897196261684 0.04491413474240423
3 0.5990654205607477 0.3718626155878468 0.08037383177570094 0.10435931307793923
3 0.6663551401869159 0.8606340819022457 0.16261682242990655 0.27344782034346105
2 0.6336448598130842 0.9498018494055482 0.056074766355140186 0.095112285336856
1 0.6878504672897197 0.9002642007926024 0.14205607476635515 0.10700132100396301
3 0.7345794392523365 0.3606340819022457 0.07102803738317758 0.15059445178335534
4 0.8280373831775701 0.04689564068692206 0.22429906542056074 0.08058124174372523
2 0.7429906542056075 0.5871862615587847 0.03551401869158879 0.06472919418758256