3 0.20093457943925233 0.45046235138705415 0.07289719626168224 0.12417437252311757
0 0.2990654205607477 0.4372523117569353 0.24672897196261684 0.16116248348745046
3 0.31121495327102805 0.42073976221928666 0.1252336448598131 0.083223249669749
3 0.39532710280373834 0.41611624834874505 0.09532710280373832 0.08982826948480846
4 0.5355140186915888 0.3249669749009247 0.17757009345794394 0.095112285336856
3 0.5130841121495328 0.4431968295904888 0.09158878504672897 0.11228533685601057
3 0.5934579439252337 0.42602377807133424 0.1102803738317757 0.08850726552179657
1 0.6682242990654206 0.5554821664464994 0.19626168224299068 0.062087186261558784
2 0.6317757009345795 0.6644649933949802 0.10841121495327104 0.15323645970937913
3 0.6476635514018692 0.43130779392338175 0.04672897196261683 0.10171730515191546
4 0.8373831775700935 0.30647291941875826 0.1794392523364486 0.05019815059445178
3 0.8271028037383178 0.4128137384412153 0.07663551401869159 0.05680317040951123
3 0.8598130841121495 0.43527080581241745 0.052336448598130844 0.1096433289299868
3 0.9009345794392524 0.40158520475561427 0.052336448598130844 0.05019815059445178