3 0.22710280373831776 0.4392338177014531 0.1252336448598131 0.10171730515191546
0 0.28971962616822433 0.4372523117569353 0.2280373831775701 0.16116248348745046
3 0.31121495327102805 0.4326287978863937 0.1252336448598131 0.10700132100396301
3 0.39532710280373834 0.4200792602377807 0.09532710280373832 0.0977542932628798
4 0.5299065420560748 0.3249669749009247 0.16635514018691588 0.095112285336856
3 0.5224299065420561 0.4431968295904888 0.1102803738317757 0.11228533685601057
3 0.5934579439252337 0.4180977542932629 0.1102803738317757 0.0726552179656539
1 0.6299065420560748 0.5805812417437253 0.11962616822429907 0.11228533685601057
2 0.6102803738317757 0.6677675033025099 0.06542056074766356 0.15984147952443858
3 0.6626168224299066 0.40224570673712023 0.07663551401869159 0.043593130779392336
4 0.8373831775700935 0.3249669749009247 0.1794392523364486 0.08718626155878467
3 0.8261682242990654 0.43989431968295906 0.07476635514018692 0.11096433289299867
3 0.8626168224299066 0.3910171730515192 0.05794392523364486 0.021136063408190225
3 0.9009345794392524 0.3949801849405548 0.052336448598130844 0.036988110964332896