3 0.21869158878504674 0.45046235138705415 0.10841121495327104 0.12417437252311757
0 0.2644859813084112 0.4372523117569353 0.17757009345794394 0.16116248348745046
3 0.3037383177570094 0.44121532364597094 0.1102803738317757 0.12417437252311757
3 0.39532710280373834 0.40224570673712023 0.09532710280373832 0.062087186261558784
4 0.5626168224299065 0.309114927344782 0.23177570093457944 0.06340819022457067
3 0.4869158878504673 0.4431968295904888 0.03925233644859813 0.11228533685601057
3 0.5813084112149532 0.440554821664465 0.08598130841121496 0.11756935270805813
1 0.6682242990654206 0.5660501981505944 0.19626168224299068 0.083223249669749
2 0.6280373831775701 0.6677675033025099 0.10093457943925234 0.15984147952443858
3 0.6626168224299066 0.4194187582562748 0.07663551401869159 0.07793923381770146
4 0.8373831775700935 0.31836195508586523 0.1794392523364486 0.07397622192866579
3 0.8261682242990654 0.43989431968295906 0.07476635514018692 0.11096433289299867
3 0.8626168224299066 0.42140026420079263 0.05794392523364486 0.08190224570673713
3 0.8990654205607477 0.4299867899603699 0.048598130841121495 0.10700132100396301