3 0.18785046728971963 0.45046235138705415 0.04672897196261683 0.12417437252311757
0 0.36915887850467294 0.4372523117569353 0.3869158878504673 0.16116248348745046
3 0.28598130841121494 0.44121532364597094 0.07476635514018692 0.12417437252311757
3 0.36542056074766355 0.4273447820343461 0.03551401869158879 0.11228533685601057
4 0.5336448598130842 0.3249669749009247 0.17383177570093458 0.095112285336856
3 0.502803738317757 0.4431968295904888 0.07102803738317758 0.11228533685601057
3 0.5831775700934579 0.440554821664465 0.0897196261682243 0.11756935270805813
1 0.6299065420560748 0.5805812417437253 0.11962616822429907 0.11228533685601057
2 0.6317757009345795 0.6466314398943197 0.10841121495327104 0.11756935270805813
3 0.6626168224299066 0.41611624834874505 0.07663551401869159 0.071334214002642
4 0.8373831775700935 0.3051519154557464 0.1794392523364486 0.047556142668428
3 0.8271028037383178 0.42602377807133424 0.07663551401869159 0.083223249669749
3 0.8551401869158879 0.43527080581241745 0.04299065420560748 0.1096433289299868
3 0.894392523364486 0.4299867899603699 0.03925233644859813 0.10700132100396301