3 0.2102803738317757 0.45046235138705415 0.09158878504672897 0.12417437252311757
0 0.2542056074766355 0.4372523117569353 0.15700934579439252 0.16116248348745046
3 0.28598130841121494 0.44121532364597094 0.07476635514018692 0.12417437252311757
3 0.39532710280373834 0.4227212681638045 0.09532710280373832 0.10303830911492734
4 0.5626168224299065 0.309775429326288 0.23177570093457944 0.06472919418758256
3 0.48971962616822434 0.4431968295904888 0.04485981308411215 0.11228533685601057
3 0.5925233644859813 0.440554821664465 0.10841121495327104 0.11756935270805813
1 0.6682242990654206 0.5746367239101717 0.19626168224299068 0.10039630118890357
2 0.6308411214953271 0.6677675033025099 0.10654205607476636 0.15984147952443858
3 0.6626168224299066 0.39299867899603697 0.07663551401869159 0.02509907529722589
4 0.8327102803738318 0.3249669749009247 0.17009345794392525 0.08718626155878467
3 0.8271028037383178 0.39828269484808454 0.07663551401869159 0.02774108322324967
3 0.8626168224299066 0.4194187582562748 0.05794392523364486 0.07793923381770146
3 0.9009345794392524 0.4180977542932629 0.052336448598130844 0.083223249669749