3 0.22149532710280376 0.45046235138705415 0.11401869158878505 0.12417437252311757
0 0.26822429906542056 0.4372523117569353 0.18504672897196262 0.16116248348745046
3 0.31121495327102805 0.4379128137384412 0.1252336448598131 0.11756935270805813
3 0.39532710280373834 0.4194187582562748 0.09532710280373832 0.0964332892998679
4 0.5429906542056075 0.3249669749009247 0.1925233644859813 0.095112285336856
3 0.525233644859813 0.4240422721268164 0.11588785046728972 0.07397622192866579
3 0.5635514018691589 0.440554821664465 0.05046728971962617 0.11756935270805813
1 0.6542056074766356 0.5805812417437253 0.16822429906542058 0.11228533685601057
2 0.6214953271028038 0.6677675033025099 0.08785046728971962 0.15984147952443858
3 0.6626168224299066 0.42536327608982827 0.07663551401869159 0.08982826948480846
4 0.8373831775700935 0.31638044914134744 0.1794392523364486 0.07001321003963012
3 0.8271028037383178 0.4233817701453104 0.07663551401869159 0.07793923381770146
3 0.8626168224299066 0.4273447820343461 0.05794392523364486 0.09379128137384413
3 0.9009345794392524 0.38771466314398945 0.052336448598130844 0.022457067371202115