3 0.22710280373831776 0.44848084544253636 0.1252336448598131 0.1202113606340819
0 0.2738317757009346 0.4372523117569353 0.19626168224299068 0.16116248348745046
3 0.31121495327102805 0.40290620871862615 0.1252336448598131 0.047556142668428
3 0.36728971962616824 0.4273447820343461 0.03925233644859813 0.11228533685601057
4 0.5364485981308411 0.3249669749009247 0.1794392523364486 0.095112285336856
3 0.5158878504672897 0.4431968295904888 0.09719626168224299 0.11228533685601057
3 0.5934579439252337 0.43659180977542933 0.1102803738317757 0.1096433289299868
1 0.6598130841121496 0.5805812417437253 0.1794392523364486 0.11228533685601057
2 0.6308411214953271 0.6677675033025099 0.10654205607476636 0.15984147952443858
3 0.6626168224299066 0.41677675033025097 0.07663551401869159 0.0726552179656539
4 0.8373831775700935 0.309775429326288 0.1794392523364486 0.05680317040951123
3 0.8271028037383178 0.4372523117569353 0.07663551401869159 0.10568031704095113
3 0.8626168224299066 0.41017173051519157 0.05794392523364486 0.059445178335535004
3 0.9009345794392524 0.4035667107001321 0.052336448598130844 0.05416116248348745