3 0.191588785046729 0.45046235138705415 0.05420560747663552 0.12417437252311757
0 0.3280373831775701 0.4372523117569353 0.30467289719626167 0.16116248348745046
3 0.31121495327102805 0.4035667107001321 0.1252336448598131 0.0488771466314399
3 0.3728971962616823 0.4273447820343461 0.05046728971962617 0.11228533685601057
4 0.5626168224299065 0.3157199471598415 0.23177570093457944 0.07661822985468957
3 0.5242990654205608 0.4431968295904888 0.11401869158878505 0.11228533685601057
3 0.5934579439252337 0.428665785997358 0.1102803738317757 0.09379128137384413
1 0.663551401869159 0.5805812417437253 0.1869158878504673 0.11228533685601057
2 0.6317757009345795 0.654557463672391 0.10841121495327104 0.1334214002642008
3 0.6626168224299066 0.4273447820343461 0.07663551401869159 0.09379128137384413
4 0.8373831775700935 0.3143989431968296 0.1794392523364486 0.06605019815059446
3 0.8271028037383178 0.4233817701453104 0.07663551401869159 0.07793923381770146
3 0.8626168224299066 0.4227212681638045 0.05794392523364486 0.0845442536327609
3 0.9009345794392524 0.4180977542932629 0.052336448598130844 0.083223249669749