3 0.22710280373831776 0.4471598414795244 0.1252336448598131 0.11756935270805813
0 0.2635514018691589 0.4372523117569353 0.17570093457943925 0.16116248348745046
3 0.288785046728972 0.44121532364597094 0.08037383177570094 0.12417437252311757
3 0.391588785046729 0.4273447820343461 0.08785046728971962 0.11228533685601057
4 0.5626168224299065 0.31968295904887717 0.23177570093457944 0.0845442536327609
3 0.49626168224299066 0.4431968295904888 0.05794392523364486 0.11228533685601057
3 0.5934579439252337 0.4240422721268164 0.1102803738317757 0.0845442536327609
1 0.6682242990654206 0.5799207397622193 0.19626168224299068 0.11096433289299867
2 0.6317757009345795 0.6486129458388376 0.10841121495327104 0.1215323645970938
3 0.6514018691588785 0.43130779392338175 0.05420560747663552 0.10171730515191546
4 0.8373831775700935 0.3038309114927345 0.1794392523364486 0.04491413474240423
3 0.8186915887850468 0.43989431968295906 0.059813084112149535 0.11096433289299867
3 0.8626168224299066 0.39299867899603697 0.05794392523364486 0.02509907529722589
3 0.9009345794392524 0.4095112285336856 0.052336448598130844 0.06605019815059446