3 0.19439252336448598 0.45046235138705415 0.059813084112149535 0.12417437252311757
0 0.5242990654205608 0.4372523117569353 0.697196261682243 0.16116248348745046
3 0.29813084112149535 0.44121532364597094 0.09906542056074767 0.12417437252311757
3 0.38785046728971967 0.4273447820343461 0.08037383177570094 0.11228533685601057
4 0.5149532710280375 0.3249669749009247 0.13644859813084112 0.095112285336856
3 0.5224299065420561 0.4431968295904888 0.1102803738317757 0.11228533685601057
3 0.5738317757009346 0.440554821664465 0.07102803738317758 0.11756935270805813
1 0.6579439252336449 0.5805812417437253 0.17570093457943925 0.11228533685601057
2 0.6317757009345795 0.6585204755614267 0.10841121495327104 0.14134742404227213
3 0.6626168224299066 0.3989431968295905 0.07663551401869159 0.036988110964332896
4 0.8196261682242991 0.3249669749009247 0.14392523364485982 0.08718626155878467
3 0.8205607476635515 0.43989431968295906 0.06355140186915888 0.11096433289299867
3 0.8626168224299066 0.4147952443857332 0.05794392523364486 0.06869220607661823
3 0.9009345794392524 0.4134742404227213 0.052336448598130844 0.07397622192866579