0 0.49813084112149536 0.49273447820343463 0.983177570093458 0.857331571994716
3 0.15700934579439252 0.1737120211360634 0.16635514018691588 0.20607661822985468
4 0.17383177570093458 0.05416116248348745 0.07289719626168224 0.062087186261558784
3 0.32149532710280376 0.18031704095112286 0.19626168224299068 0.22721268163804492
4 0.2841121495327103 0.052840158520475564 0.09158878504672897 0.059445178335535004
1 0.3598130841121496 0.3606340819022457 0.16074766355140188 0.10700132100396301
2 0.3401869158878505 0.41215323645970936 0.0691588785046729 0.06737120211360634
4 0.4457943925233645 0.062087186261558784 0.13084112149532712 0.06472919418758256
4 0.5897196261682244 0.058784676354029064 0.0897196261682243 0.05812417437252312
4 0.6869158878504673 0.0667107001321004 0.10467289719626169 0.07661822985468957
4 0.8028037383177571 0.07067371202113606 0.14205607476635515 0.0607661822985469