0 0.47757009345794393 0.5132100396301189 0.9383177570093458 0.9564068692206077
2 0.11588785046728972 0.21466314398943198 0.09906542056074767 0.13738441215323646
4 0.24953271028037385 0.05019815059445178 0.23177570093457944 0.0964332892998679
2 0.2925233644859813 0.9590488771466315 0.09719626168224299 0.0726552179656539
1 0.36448598130841126 0.9121532364597094 0.1925233644859813 0.10303830911492734
2 0.37757009345794396 0.12549537648612946 0.05420560747663552 0.09379128137384413
2 0.41401869158878507 0.9590488771466315 0.07102803738317758 0.0726552179656539
4 0.5261682242990654 0.04557463672391017 0.24672897196261684 0.07926023778071334
3 0.6 0.38177014531043596 0.08037383177570094 0.12285336856010567
3 0.6962616822429907 0.8612945838837517 0.2205607476635514 0.27344782034346105
2 0.6401869158878505 0.9504623513870541 0.06728971962616823 0.095112285336856
1 0.7018691588785047 0.9009247027741083 0.16822429906542058 0.10700132100396301
3 0.7476635514018692 0.36129458388375163 0.09532710280373832 0.15059445178335534
4 0.8289719626168225 0.062087186261558784 0.22429906542056074 0.1096433289299868
2 0.7570093457943926 0.5878467635402906 0.06168224299065421 0.06472919418758256