3 0.2280373831775701 0.4511228533685601 0.1252336448598131 0.12417437252311757
0 0.5560747663551402 0.4379128137384412 0.7588785046728972 0.16116248348745046
3 0.3121495327102804 0.4418758256274769 0.1252336448598131 0.12417437252311757
3 0.3962616822429907 0.42800528401585203 0.09532710280373832 0.11228533685601057
4 0.5635514018691589 0.32562747688243066 0.23177570093457944 0.095112285336856
3 0.5261682242990654 0.4438573315719947 0.11588785046728972 0.11228533685601057
3 0.594392523364486 0.44121532364597094 0.1102803738317757 0.11756935270805813
1 0.6691588785046729 0.5812417437252312 0.19626168224299068 0.11228533685601057
2 0.6327102803738318 0.6684280052840158 0.10841121495327104 0.15984147952443858
3 0.663551401869159 0.4319682959048877 0.07663551401869159 0.10171730515191546
4 0.8383177570093459 0.32562747688243066 0.1794392523364486 0.08718626155878467
3 0.8280373831775701 0.440554821664465 0.07663551401869159 0.11096433289299867
3 0.8635514018691589 0.43593130779392336 0.05794392523364486 0.1096433289299868
3 0.9018691588785047 0.43064729194187584 0.052336448598130844 0.10700132100396301