3 0.08691588785046729 0.6175693527080581 0.13084112149532712 0.7186261558784677
0 0.48971962616822434 0.1928665785997358 0.8841121495327103 0.14398943196829592
3 0.2177570093457944 0.5066050198150595 0.22429906542056074 0.47556142668428003
2 0.23738317757009347 0.8480845442536328 0.16261682242990655 0.18361955085865259
4 0.2514018691588785 0.1083223249669749 0.13457943925233645 0.0726552179656539
3 0.3336448598130841 0.5277410832232496 0.24299065420560748 0.5151915455746368
2 0.36915887850467294 0.8441215323645971 0.0897196261682243 0.1202113606340819
2 0.45700934579439256 0.8520475561426685 0.0897196261682243 0.11228533685601057
2 0.5299065420560748 0.845442536327609 0.0897196261682243 0.12285336856010567
4 0.6485981308411215 0.10039630118890357 0.16635514018691588 0.083223249669749
2 0.6214953271028038 0.8520475561426685 0.07850467289719626 0.10700132100396301
2 0.711214953271028 0.8593130779392338 0.09345794392523366 0.12417437252311757
2 0.7822429906542057 0.8520475561426685 0.08224299065420561 0.11228533685601057
4 0.8607476635514019 0.10171730515191546 0.21682242990654207 0.0964332892998679
3 0.8598130841121495 0.5310435931307794 0.18504672897196262 0.4372523117569353
2 0.8635514018691589 0.8441215323645971 0.05794392523364486 0.08586525759577279