0 0.5009345794392523 0.4986789960369881 0.9813084112149533 0.5178335535006605
1 0.12710280373831775 0.5132100396301189 0.19626168224299068 0.1215323645970938
2 0.1485981308411215 0.6149273447820344 0.20186915887850468 0.19815059445178335
4 0.2336448598130841 0.29590488771466317 0.2411214953271028 0.08586525759577279
4 0.24953271028037385 0.3844121532364597 0.26542056074766357 0.10171730515191546
3 0.2588785046728972 0.488110964332893 0.0897196261682243 0.08982826948480846
1 0.4588785046728972 0.4894319682959049 0.2841121495327103 0.11889035667107001
2 0.480373831775701 0.6301188903566711 0.3233644859813084 0.2285336856010568
3 0.4158878504672897 0.357331571994716 0.07850467289719626 0.07926023778071334
4 0.5822429906542056 0.3949801849405548 0.29158878504672897 0.11228533685601057
3 0.5700934579439253 0.3038309114927345 0.07663551401869159 0.07001321003963012
3 0.6485981308411215 0.47886393659180976 0.1102803738317757 0.0845442536327609
4 0.8271028037383178 0.4478203434610304 0.2504672897196262 0.11756935270805813
3 0.8280373831775701 0.31968295904887717 0.102803738317757 0.10435931307793923